1	0.821791133216644	0.405294848571572
0.821791133216644	1	0.464118515644323
0.405294848571572	0.464118515644323	1


1	0.925284573951926	0.361111653041943	0.946919991170693
0.925284573951926	1	0.400397674725201	0.966920233085993
0.361111653041943	0.400397674725201	1	0.392841714478776
0.946919991170693	0.966920233085993	0.392841714478776	1

提取四项xiangguanxishu
1	0.836280084187907	0.407711065169596	0.225088921223306
0.836280084187907	1	0.480575667195576	0.192426067806431
0.407711065169596	0.480575667195576	1	0.619704366781674
0.225088921223306	0.192426067806431	0.619704366781674	1

九项特征根
28.1622100915786
18.7933022257793
13.8235953575462
10.3256358937975
9.54195441955745
7.93558713102939
6.49264713184073
3.28718550990282
1.63788223896804

四项特征根
60.1500109943760
27.4355453524162
8.71199706537604
3.70244658783178